ID X Y
1 95194.40 86949.57
115 95189.51 86951.39
100 95188.16 86949.39
130 95185.96 86950.17
119 95188.06 86951.02
2 95194.54 86947.18
3 95192.41 86945.29
4 95195.82 86946.86
6 95197.87 86946.42
7 95195.80 86944.28
9 95199.88 86944.66
10 95200.77 86944.68
11 95201.33 86944.54
12 95200.05 86943.04
17 95200.87 86943.30
18 95201.55 86942.80
19 95202.96 86943.17
13 95199.27 86943.15
14 95198.63 86942.39
15 95198.70 86941.38
16 95198.05 86940.87
112 95207.97 86936.42
144 95215.32 86927.35
124 95208.80 86932.69
109 95209.45 86930.68
113 95209.94 86931.42
145 95215.75 86929.12
31 95219.29 86927.92
30 95218.41 86929.01
29 95218.17 86929.10
139 95218.60 86927.29
125 95219.38 86922.51
997 95220.13 86924.05
126 95221.27 86924.24
995 95221.89 86925.73
993 95214.00 86927.10
73 95211.06 86929.27
991 95211.02 86931.04
990 95210.47 86929.53
989 95209.48 86933.93
988 95206.37 86934.17
987 95206.73 86935.40
117 95203.35 86939.06
104 95186.59 86950.45
984 95188.31 86948.48
136 95190.10 86949.42
23 95190.10 86950.62
981 95190.16 86951.87
137 95189.59 86951.53
26 95189.06 86952.96
978 95187.92 86952.43
20 95204.41 86943.77
32 95220.49 86927.33
22 95192.97 86950.78
21 95194.81 86950.82
24 95191.15 86950.94
27 95211.01 86934.14
25 95190.61 86952.68
28 95218.15 86928.95
999 95214.69 86931.25
998 95199.35 86940.83
