ID X Y
1 95194.39942 86949.57495
115 95189.51277 86951.3886
100 95188.15557 86949.3912
130 95185.95582 86950.1741
119 95188.05874 86951.01833
2 95194.53521 86947.18054
3 95192.40847 86945.29094
4 95195.8181 86946.86424
6 95197.86937 86946.4201
7 95195.79706 86944.27648
9 95199.87686 86944.65518
10 95200.76683 86944.6794
11 95201.32886 86944.54005
12 95200.05199 86943.03717
17 95200.86547 86943.30403
18 95201.55181 86942.80173
19 95202.95894 86943.17283
13 95199.26573 86943.14686
14 95198.62708 86942.38649
15 95198.69811 86941.37986
16 95198.04702 86940.86721
112 95207.9678 86936.41942
144 95215.32181 86927.34612
124 95208.79983 86932.6942
109 95209.4499 86930.6826
113 95209.93661 86931.42026
145 95215.74742 86929.12068
31 95219.32973 86927.94091
30 95218.40982 86929.00806
29 95218.16578 86929.0967
139 95218.59579 86927.28748
999 95219.38063 86922.51496
998 95220.99023 86922.45557
997 95220.13272 86924.0539
996 95221.27388 86924.24091
995 95221.89085 86925.73292
993 95214.00146 86927.09835
992 95211.06115 86929.27494
991 95211.02197 86931.03847
990 95210.39073 86929.44775
989 95209.48079 86933.93456
988 95206.37397 86934.16645
987 95206.73109 86935.40128
986 95203.34565 86939.0567
985 95186.58897 86950.45294
984 95188.31224 86948.47746
983 95190.10319 86949.42021
23 95190.10047 86950.61645
981 95190.1563 86951.86955
980 95189.59223 86951.53018
26 95189.05758 86952.95626
978 95187.91619 86952.42526
20 95204.41011 86943.77378
32 95220.6282 86927.41397
22 95192.9676 86950.78172
21 95194.80587 86950.81643
24 95191.14575 86950.93725
27 95211.00918 86934.14218
25 95190.60547 86952.68326
